24662
23219
24529
20516
8884
9113
18681
9138
6848
23109
9458
15482
11877
13571
2934
15609
9493
16762
28268
5443
14674
30933
2292
780
18989
29042
19045
31143
696
22865
3723
1200
26032
17530
20717
16336
10539
26182
23375
16741
4995
10938
22168
13482
24933
24789
31558
3230
1172
13637
3219
25590
21521
26044
20189
13579
4034
22435
22016
17492
16614
25870
12983
19644
6887
30078
21207
24084
5349
26014
6083
21064
13942
17800
10465
26903
12738
25971
9233
673
29416
3871
6611
12990
8422
13841
23958
29707
16773
14895
12766
14028
20599
4260
15945
25218
362
4784
9365
23646
20249
17352
21997
30108
6695
5982
26928
8861
10170
25302
28403
19918
15976
17534
29993
10075
7844
27511
31901
20574
28401
23344
32313
7175
27408
11217
22314
12155
23054
31702
25661
15490
17045
26601
12194
22601
20396
27119
30758
20186
7505
2209
15748
26743
8909
1424
21205
30819
24981
9752
20013
14436
28786
1449
24967
14512
23359
16275
10677
23864
15819
7457
10982
736
26678
29481
18862
29666
7007
14272
25592
886
2898
25361
5660
22114
5040
15679
18441
3874
16226
28097
20152
25487
31977
32033
9612
11572
20670
16871
23461
31369
4704
9662
9657
16998
3853
31282
13830
4754
2404
23736
27532
27506
24471
20575
26086
1164
19153
5579
24552
14154
31027
15823
2489
4611
11594
1652
21929
1392
20333
13418
19166
30835
8084
23943
6016
6762
30247
18588
16814
22093
30347
29287
6225
15518
24492
28986
19555
5585
2269
9431
24477
23050
2266
16495
28449
5858
30204
16637
24110
29890
13389
18632
29037
22004
14317
26468
12314
10217
24033
13300
5699
25447
18665
25190
20381
30280
6158
831
26438
24413
11688
11141
31094
25397
22257
17450
30961
20749
20291
22079
27566
4169
22007
10282
13464
3622
1131
25419
28973
4310
1304
11727
6910
25860
7927
10205
29540
21475
8756
12291
15494
12772
15709
21651
7988
25870
10838
9368
18732
10143
1614
4633
20808
2966
28548
30695
14110
20489
9641
20490
5969
27868
3839
20487
20506
32205
30526
17783
15316
10522
17862
4829
7391
13843
18185
31745
26047
11253
2206
23886
22482
15293
8656
11400
19341
15452
6259
29022
4917
11829
28472
8290
22477
6456
21231
866
24862
10122
30546
23323
32369
224
8376
24020
11173
3008
18449
28998
1774
20701
13752
8387
13263
32336
24090
18406
3451
15163
19099
19884
9355
24192
21016
21742
5316
10039
25850
4416
17648
3763
24900
26536
8005
7414
4771
17498
6662
21696
17019
29765
1564
28211
8853
16114
21095
14799
25801
29284
9262
6175
23200
420
2947
30831
3542
7892
16242
10024
2584
21491
9486
26776
3521
14805
31008
27309
15756
27785
28974
13579
15504
23339
3929
21659
17095
24219
15292
26999
24311
1890
25480
20716
2894
1033
8430
15859
19061
27676
19147
11144
14711
23008
8589
25978
23327
253
10862
30213
27141
5627
27207
7010
23659
9992
21361
23064
12733
19300
20764
17748
27040
23185
8920
18394
25763
13293
17500
14587
5163
22370
9854
26988
25294
32131
32538
21050
32030
6964
8116
1541
27818
20514
4312
12326
14260
26858
9804
8117
19415
25221
26404
4211
6130
14830
24095
26616
27807
26803
3195
2886
24615
26019
20369
25539
19071
13002
3998
28435
836
14277
9440
6043
30124
15203
5431
31648
6257
19909
32012
31688
20748
3309
29463
14248
19947
16023
30516
11522
2729
13861
2805
9638
31996
21935
5425
8150
22639
2800
18876
1120
22827
14202
23591
12597
17606
17653
2350
25839
17871
30583
31152
22212
12005
23733
9129
31884
2007
23214
7092
29167
23763
20133
1904
7331
12905
26697
23904
30570
3287
14455
18398
514
10233
10190
6257
16219
4855
26426
21554
19020
2505
15165
24427
13556
22954
24796
22338
27253
19429
32152
19355
27190
12736
29409
27233
15148
30039
21636
23444
3010
7039
316
21083
10092
30771
8906
16895
7692
30682
15058
2485
1811
17423
30967
27452
26833
10414
26442
30629
8589
3547
4
15016
16984
25210
2394
17702
28411
21366
6313
8968
10677
30047
32452
20562
27802
18786
4558
6306
22374
13794
19472
1774
14063
14172
21515
25802
25366
24828
25060
434
6421
4016
8914
22062
12102
23190
24760
11241
30586
16831
1220
8533
2389
31505
18365
31627
11473
2204
30501
28084
3367
16373
11250
25863
90
19785
9047
31870
31773
11323
29488
4123
11136
13478
7396
23619
23956
18394
24397
31685
30662
4365
5637
23757
25826
28475
16992
24278
27670
24583
2852
3802
18496
12894
32063
20748
14525
14458
10564
24738
32722
22065
24701
28638
3039
329
32456
20075
9073
3529
9385
2275
15121
7891
31156
29759
11388
11500
3275
10371
31305
8125
22581
12562
27302
3898
24207
18783
19040
1448
1379
23876
29194
10361
30412
2663
11993
30467
10847
29641
22170
16423
7014
32675
28381
4636
4319
31312
29501
22668
7546
248
21993
28185
32059
24124
21512
1482
13440
31723
18881
25037
4241
20140
18191
28147
8295
2531
16904
26518
29656
17235
17583
1255
12946
18686
30921
8106
8198
5071
10604
11072
17742
12428
24608
146
12022
29634
29324
27413
32413
20623
10987
23577
10302
18382
29979
29116
5798
18836
23227
23595
15620
6287
9422
9985
3865
32751
19851
8184
12534
16112
8263
14891
3074
12989
28660
20238
20012
23586
1226
10737
27417
25458
29018
31778
31411
19827
28679
32350
6677
3272
30481
13234
11994
2423
8424
5066
393
2416
14492
18317
18160
25600
5733
2092
18018
2407
1591
25260
24534
14149
25525
8273
29180
4485
25019
30077
7092
5184
5161
19920
24328
18584
6026
6125
6677
6338
6599
5056
20023
7888
15605
15693
15793
23057
27081
18328
4525
10160
13612
2974
1844
10553
2130
24188
23396
21026
25336
9512
13039
12115
4692
5709
16705
19612
16013
22046
9686
21881
17276
18799
19250
4005
18872
792
16521
3163
29485
14375
11280
10000
20998
16027
1389
402
27556
93
12585
14413
867
1064
31935
32242
15033
1793
10595
22548
23113
13502
29837
30529
32506
29429
27063
9629
1636
17223
7817
2653
14281
3105
823
20641
18142
26826
19635
6730
4363
5104
4870
5579
25343
3096
7657
31453
4264
13462
14399
21928
20294
20820
11171
9489
9242
18396
4010
10685
272
31050
12352
23224
1307
22323
10817
11794
25188
17102
12032
18699
17655
21045
16341
29706
4981
2752
4773
25485
30328
31087
9210
6953
19782
3187
3056
30081
5551
27354
13054
8013
13544
6703
19770
23942
15410
19310
17786
9075
1362
9701
6086
26403
24804
22729
19697
7786
24680
6526
15365
11560
27846
2469
26211
12064
11846
11148
13519
21781
12880
18662
17843
2836
28598
24849
31975
18154
29001
9866
24848
15796
7523
396
14425
2346
126
10678
15522
21884
3306
272
29662
11891
20222
12016
26614
3408
23181
2423
16072
28657
22083
30735
20539
11792
16998
28995
4993
15578
11430
3555
3182
25571
2674
4947
26079
27125
3671
16583
991
27974
22213
20819
17908
22214
10466
24197
3824
3042
25938
15183
2443
21005
1475
27585
773
4994
6516
27312
658
5701
10373
29090
77
23893
21851
1902
26923
13078
3974
18296
22359
18418
13046
31046
2117
2621
29943
24506
1743
18172
5064
28447
5515
31011
17989
31412
26260
12094
19371
32233
1090
9910
15435
281
17858
3070
30170
1713
277
21269
19354
18148
29243
9053
21693
7227
9556
1812
21659
26797
22351
8533
3270
26010
2121
14037
13290
6294
17337
24817
15922
5563
22052
32261
12082
11763
30042
16147
12051
25848
30561
23885
13244
15583
11812
25236
10300
18405
21101
5852
29279
23688
4066
28681
10295
29805
31451
7388
31389
663
9845
1781
4687
14868
10386
13451
13421
3842
32363
23722
24816
24463
21738
28920
27784
10323
2153
18510
15208
18253
13639
3536
30960
9076
13557
25767
15178
5272
10038
32244
17222
18875
20250
29873
19962
2683
13797
30954
27760
2709
27642
12493
14528
31007
14210
30318
26047
13482
8593
22767
26686
24470
7814
6968
19775
7754
19889
29565
13033
9202
10981
29100
10169
5122
18116
9563
22433
22266
22080
16638
13481
1418
26006
32764
18044
17768
20004
15837
10398
20012
30598
17813
2897
8146
22895
21877
8641
15653
30389
8138
22972
2825
11612
6581
4977
14048
20985
24277
16559
20069
31956
5956
11743
17984
22164
15126
18609
70
10744
59
25003
25151
13813
18143
6664
15424
24268
17663
28248
10039
22787
1554
19287
32692
12714
18393
11252
28380
20622
18417
21447
24673
15378
32082
16449
3992
2030
17847
4170
2881
10974
2634
17880
1801
2971
12305
21669
17459
13493
7222
20437
20072
11151
24238
17284
12699
28587
28998
32629
7482
27800
8760
14037
10889
24094
18090
28666
23561
8974
7906
14845
26075
25038
18690
23484
28515
4086
13921
22142
3396
13276
26973
32542
26563
32622
21123
14160
2591
20174
4875
29031
23862
11903
17570
17283
28606
21543
3337
4114
12477
30761
7371
3599
20694
15777
14450
26431
7878
8563
9802
8337
24157
20691
4639
1314
13758
28809
32031
8765
5541
13724
13352
25661
3307
26789
25591
6475
19075
31663
31887
15410
20981
21071
26254
19852
26456
30270
11419
7846
32408
1967
4494
8856
25210
24274
23226
12329
9330
31499
23087
29672
22244
13880
14304
3842
6324
407
10806
26500
13440
30596
6703
12041
14575
1215
25939
124
9338
6912
21994
18043
1024
25276
17138
31703
9939
17250
3104
12084
11300
15366
19136
19910
13506
25672
27693
20802
2792
24746
24899
5108
19805
20433
20769
5488
2245
27827
32046
9737
25651
11300
14261
5973
31820
15227
22535
225
1989
29286
23097
31858
26082
32686
15951
25111
31512
5881
28834
27184
10137
31462
21307
6289
1601
16762
28510
23999
198
9361
19678
12391
4284
25270
28669
3427
6479
19172
1239
25441
13848
5277
6904
25845
13639
3232
2377
28988
29927
14980
32655
13533
27907
582
29966
4131
3591
7134
21012
23915
23800
20729
23751
24088
20825
21640
20240
293
28390
7126
12593
14189
12067
24103
29607
543
1107
6746
11732
32100
21280
7390
1681
29541
13395
4817
32383
26337
27073
7941
18083
6303
9695
11352
8647
24476
22331
7772
25758
26648
9812
31464
19484
6525
5408
17357
7496
14504
21125
16277
29535
3160
13399
4841
10106
24520
4781
28145
9117
22218
8916
22270
5106
7145
9268
7152
26227
24432
28077
19292
18315
18877
23418
21110
26377
14143
14096
19681
31917
37
8272
7317
22019
5420
14837
11214
3490
21332
2283
13210
30554
501
15094
7831
31312
21314
24330
26123
32049
22132
8028
7213
547
5132
25513
8416
5200
16398
5019
17272
17205
4080
3849
28139
11119
17321
21324
19420
4332
6459
13693
22670
5543
13506
27565
32395
8812
9802
5757
10994
15935
21712
28473
15449
18458
30133
28389
7336
144
18329
14443
8878
30803
15313
25023
4281
13809
15511
4715
656
31098
22271
10510
12351
21791
8841
28506
10173
10556
21714
23943
7499
686
11281
13095
1272
4396
1055
14657
7877
24159
30260
6189
29502
4441
9547
2416
22118
7528
24421
3896
19892
15471
18437
4994
31624
21896
10929
27390
865
11728
24006
11836
13235
27739
7571
29906
11646
28011
23915
29085
16216
32601
1825
14271
6234
5249
23983
15926
9940
32067
2787
24021
7608
22753
19918
24623
28108
5609
17409
20246
30290
8878
8757
2040
20387
9590
13750
5142
2599
11594
10871
6214
17780
5749
10687
23912
3306
2475
2552
17165
11110
29583
3589
10203
16812
19290
12184
30290
16364
19405
21967
23010
23029
13119
9673
25646
21539
4850
27796
8771
12844
13661
5503
32445
19129
25315
21621
10823
15841
20692
11849
3063
16642
12091
6410
2820
25606
703
4804
24221
28781
22591
17718
5175
19743
31376
21853
29396
32371
27712
62
17494
9722
7058
15874
10325
16055
11066
17795
17781
17340
5782
10232
26005
16084
30747
23110
20642
23065
18185
22536
17564
2212
28127
4030
9818
6181
19330
5654
20897
22249
32372
19072
24075
21647
12923
20346
8503
16640
15626
30804
4069
10997
26822
18057
960
23971
10929
921
32411
9550
18212
23687
22885
13220
6065
15410
7111
26751
5052
29144
22598
5671
2672
28765
9201
32729
18933
6358
16433
390
12998
4273
6021
20577
26848
30921
6631
12509
13164
8216
26058
21308
22431
18461
10910
4718
7648
5672
15138
2007
365
14430
30342
624
12692
9983
22094
15950
19767
32022
28697
17318
848
20901
21117
15312
440
30090
3121
8903
2507
19412
8261
23196
31696
23460
5107
536
17428
7469
16050
19730
11493
9199
26105
27767
6361
217
27301
12773
29136
27780
32206
8249
16074
25229
