25583
32350
10806
23813
13772
6958
12641
3207
20590
6478
158
22762
14490
21075
8693
11720
27978
23175
12576
215
21533
28314
28031
25746
23394
11456
10855
5350
10037
11772
12782
20499
13518
7673
31889
22883
11998
14082
1706
21162
29893
24299
22612
10413
19203
24723
9158
28629
16835
15053
16248
3187
7039
3095
32338
1549
28570
11062
5156
335
3749
10335
13371
22406
30393
9356
15111
4232
4886
12507
11543
31265
13459
28775
10727
21929
32087
4505
11156
13061
16971
31512
12287
18427
3111
30507
31227
1041
10466
13455
21511
18478
7563
16634
31754
5809
26094
16773
13489
5502
14553
27852
31695
30585
27000
26077
18475
11949
32103
21561
11356
3684
25844
28120
8863
20075
79
26685
22824
9569
8156
29630
67
25062
2097
26271
29986
11321
11100
24081
22369
24189
9241
4200
19171
9249
16808
18075
14853
15070
4120
28512
17546
27375
14305
25338
18312
3111
30316
27059
11475
5452
31662
10253
15356
26140
24658
22549
2776
10215
20045
20344
9356
9430
5654
7353
29665
31446
11510
7581
32377
28642
13680
8444
16600
31626
17125
5974
16820
13194
801
9438
5732
12654
31322
23587
14777
17083
16735
30559
7892
10987
23004
15040
17652
9519
22496
725
15636
4098
5632
12215
14688
29864
30414
28962
18553
8375
29558
6055
30839
30363
25912
27643
20401
9159
9200
14805
8855
5979
32280
12350
3938
4428
21293
30241
6493
19659
22043
12541
4009
25022
17007
11425
21319
8524
21696
20701
58
214
10647
20025
14153
30219
28697
13369
15581
2342
29198
12602
8549
15671
8437
25767
24269
1439
24884
22037
19378
15080
9915
32342
32358
339
6101
24104
24174
20625
166
23705
586
27501
4426
13622
8363
26781
29335
24186
19152
27689
9892
32308
11950
24314
18681
1984
3077
27865
22998
15177
23427
4968
27431
5977
31656
3427
8598
7168
3059
22451
20079
32207
27731
29168
2747
19551
6004
25667
16975
1880
21073
8726
7101
20070
10196
10151
31497
21204
5809
2153
29852
19374
14641
24893
6757
6419
25496
17267
32460
10545
5136
31981
19512
14502
28291
2600
26936
1762
8376
14816
27668
22401
32300
15306
8711
11194
52
11333
2647
8118
14412
23211
13631
29001
7603
2257
678
3303
28638
11284
31127
22990
7025
24365
21152
25258
18680
27555
20232
17780
4737
28947
27667
29213
5824
13371
24400
16459
11839
239
28235
11069
3491
27740
26358
23374
7317
8856
19458
24340
24518
7529
29947
11915
20806
214
3222
2162
20822
5449
4364
21748
11327
7290
17790
9387
11199
9719
15953
25738
26622
3425
9835
25534
5722
3607
13555
5567
24830
4983
8849
1303
32319
1959
5233
14777
19285
5152
2329
4200
24259
4047
15668
20607
2884
27169
17628
7372
14924
2529
16426
16826
24323
1316
21544
19900
20484
29691
10361
17358
26472
1806
20908
15684
28901
3460
9408
884
4219
20000
27792
32627
7706
23038
31193
23811
5567
26691
19342
30876
168
24424
27120
16890
9612
18457
9466
24974
438
7369
32072
12968
4374
31062
22517
19724
7610
24041
9829
3795
24927
17342
14267
31284
14526
3816
24414
19796
1269
5465
14995
21241
4790
10074
20319
8336
30290
21067
32612
15466
11326
21428
3665
3062
5294
31241
13622
9056
11926
9713
15381
21441
22665
15187
31368
16478
7108
5774
1409
6332
9791
6837
7955
27253
31451
6869
28081
14112
14786
8724
6180
9256
31904
6352
17231
9586
6826
22317
26802
19453
2618
4829
8994
21796
27651
32465
4027
1877
4693
10233
31717
7602
17552
7197
31281
19066
12442
1363
16543
15806
19665
2747
12805
6987
11171
6061
4848
4610
26369
11770
13101
4890
21992
7634
30626
25968
26570
22188
22211
31251
12923
32374
21129
29775
2796
25855
24508
26941
30523
29854
32620
24444
7
31614
16064
24544
18162
31827
24862
11937
7200
13023
7562
32731
15947
26506
23041
16724
6184
2611
17107
28390
6234
25046
22351
23739
7810
4735
11415
8632
30594
18398
25424
19656
9735
25393
29770
19065
7153
6758
29514
9242
26497
8833
4673
10070
17427
2578
26251
22853
31963
11272
26445
20069
29040
15256
12132
7805
19010
22174
20433
20691
1587
19952
31487
15859
16863
14228
9539
8186
3308
97
1399
7972
15151
24737
10983
141
20457
27990
20009
5032
9851
10610
12987
26183
3811
8522
16871
25246
10774
13140
1348
26932
8380
16419
5709
21160
22051
28323
11236
17303
13984
25765
26593
10638
19897
25363
10662
1119
22388
20818
12794
18067
1247
11059
22035
19947
20573
17799
17879
32614
8080
20989
29906
23442
2194
18096
31427
21520
7918
30142
16287
3530
9654
9616
18399
12629
5158
3487
26973
13738
25563
6361
7438
17782
31748
3308
31945
7100
29065
9318
23555
30428
8364
17582
7142
28416
17420
5050
21335
12654
1054
2678
27762
29539
15024
18536
28797
19248
5331
25560
9845
2644
25156
2151
22107
5644
6791
13840
12039
18230
32732
7571
16367
2653
5999
6993
16608
32197
12075
24599
11153
31071
30638
6009
10896
4520
18957
20406
24368
26930
1046
26398
13579
2162
10724
32683
30448
25343
5520
30260
6822
21860
23759
22889
15599
9346
12547
28254
9887
11922
11100
55
26406
10605
21791
5351
29613
1089
365
25103
4394
1498
979
15688
3234
11225
30020
8381
32441
24067
18909
30233
14154
12457
17903
4660
15423
28864
27850
3481
22023
4877
30897
21083
11495
10460
22194
28612
30762
13898
24463
25788
4172
12031
10417
17233
12070
12867
6181
28347
25497
6869
29501
605
24547
23898
6106
3192
18145
13943
4870
18235
13970
23866
17531
2902
6681
5136
25261
10008
19108
7534
18930
2993
15887
1
29043
29180
30447
9069
5736
15615
21194
28067
7602
12724
24828
5676
18868
31815
22839
26079
16264
15949
20338
6461
5282
24784
9694
20505
15569
2466
13941
27307
23279
21715
11898
8892
15224
879
6194
8351
20362
12272
22042
1132
202
28929
5722
17507
5125
8034
31813
24073
16869
32739
16074
31551
10444
13568
16848
31847
32217
29792
2618
14208
24344
29734
4516
26915
22259
17234
29647
28218
20376
9387
3663
14854
9544
23832
1490
21159
1154
12325
2871
31569
11654
22218
10943
11610
15082
12737
9014
28563
21006
16133
513
13153
24883
1412
21782
29563
11984
5962
6387
14650
16100
10557
2018
15559
30912
10992
18215
6137
32670
7422
4213
20106
3548
14044
29134
13058
31024
452
3858
15259
4507
10233
27537
9751
30294
22320
12498
25102
19644
7392
21389
30240
29484
3814
15945
23672
31776
19710
2757
21887
16811
29411
26081
14444
30829
1590
8535
12463
28676
14809
9972
8133
2463
30217
30260
9324
22502
29471
12187
2873
430
8391
16669
5205
11742
591
12746
1371
17694
4253
28147
9660
3976
27768
24421
9577
27091
29755
31337
20007
192
30858
19049
21225
4834
27736
13183
13057
11436
9472
24210
7447
29777
14044
20303
9482
30944
25311
28712
8617
9743
21048
10044
31188
5930
4477
19091
12424
26492
19284
20878
28145
4328
19807
19973
25047
10681
26612
28370
14951
32044
5238
3475
1515
25362
1495
15696
2694
3397
22645
9606
17116
22148
19039
28854
3705
1435
11510
9317
12037
18564
663
18321
21015
13440
24835
11131
14729
10755
31256
3029
6342
8781
16268
23921
18349
28242
31648
29332
175
3873
27088
5330
10472
26242
2097
30205
27404
2843
16070
30051
24102
14734
24433
7023
23225
19256
28820
12812
27001
20147
8402
31877
20753
26703
28290
13946
11109
19189
24623
28575
31607
32761
24152
5211
14206
969
20730
32097
7793
17823
1736
30446
12412
25962
27298
1571
6857
9596
19108
5827
2038
25635
23251
29534
16187
24954
13292
28832
28152
29056
13481
31169
3933
17946
2399
95
11032
31338
26052
302
11048
8460
20820
3616
30253
20907
26582
24053
11486
32107
7710
31006
25776
9885
20844
14060
26097
22347
16214
31589
25123
11366
11018
17266
6846
23663
18481
12345
13176
14940
6168
3539
24081
23967
7163
23041
16990
23755
13042
19690
28797
15397
19551
11262
27332
14731
7198
16467
26393
26854
1790
19814
8288
9431
24916
9527
30549
2895
18481
22733
19768
24927
23892
29835
3757
12048
32496
31545
4051
7982
13008
16849
9545
1321
5321
19392
21776
15313
26155
19887
29744
16266
8052
9401
18249
16700
1828
5790
1955
14885
30146
28743
8137
7524
16808
6585
1121
10455
25075
25127
9439
1587
19064
18910
18951
21884
32573
8337
12496
28550
9135
4453
18321
7959
31224
21186
30150
26287
10978
31441
25185
29256
32353
25861
24966
30971
27207
9419
12714
15117
6921
17016
9542
17240
29125
27921
10822
10685
21942
21292
18239
20456
17619
7290
15543
16034
7101
22507
10314
27104
16824
17503
31013
4283
5322
30965
27308
5895
7209
28166
10382
18772
23971
8336
10244
18838
26124
26601
8666
4075
24904
5824
21620
12927
1188
30327
13105
8060
14215
14169
1864
10879
9524
6949
19945
17584
7516
16239
13349
16733
5282
15789
19920
25201
10543
8664
14155
24361
17383
11182
321
30671
30650
30058
18751
2883
12685
26537
21587
23940
16865
18425
20373
5850
3157
30850
30933
2166
10067
26924
7551
15065
7291
28682
22818
29484
5495
3651
32182
26126
16025
606
6112
16641
23704
16775
14661
8959
17016
32256
32170
21266
27840
25855
22546
13978
26056
25524
25997
16031
2027
31812
6338
13556
12447
30036
1404
27954
6054
21668
8744
3278
31900
13073
16973
404
30422
10160
16357
10955
18575
20655
28542
29990
12244
18590
10502
3684
5609
7910
15014
9936
28510
18637
26673
2936
4704
9200
4328
5320
5617
12299
20927
10605
2631
31226
19298
12622
7834
13022
15157
21109
17533
2880
28490
4375
14101
24761
27026
7072
25455
13484
20206
7530
19812
11883
11084
20728
119
17300
19827
1662
3826
30144
23102
27322
7225
15816
21359
16937
14643
6442
17829
10913
30877
19390
29399
23375
23553
26086
6919
13894
23242
10383
8569
19987
6917
15698
7581
26119
7226
29230
24111
14852
4654
19233
6696
56
31500
6234
299
25871
25956
14369
16561
24079
22213
25736
29987
5426
12922
2719
28773
7222
22983
21340
24430
22179
12234
14198
32060
10903
23913
26021
20988
18104
2730
19622
18215
30975
23497
5057
6811
30076
21997
24970
23369
28650
10084
24446
7999
6102
4369
7375
32135
22527
29127
2812
18107
22356
29506
15689
20509
19544
24086
15401
21573
19867
14921
18714
5196
11761
28272
16699
15251
20435
31857
5949
20429
22641
14343
2284
25839
21049
18186
4752
29306
26858
13423
3747
14025
28325
20274
13883
30787
18181
30418
12921
22263
8636
6146
28377
1357
10946
28451
12881
6338
15529
14143
17825
29392
31595
28073
20399
14810
19877
16406
2095
29738
15064
30351
21098
409
5167
26106
20656
5086
1714
13202
5033
3240
17055
11835
26845
23288
75
27214
18915
5430
13203
10995
22766
18553
22397
32561
13663
18166
1338
26942
3344
29777
5541
15868
6387
13081
28662
9319
16342
17617
18678
18466
30815
30512
15747
11281
28136
19614
20666
13231
23364
32038
28081
21635
7988
23068
4878
17765
11807
9657
22976
4322
11767
3211
13652
25987
9415
16315
18329
16498
22211
28583
222
13953
10076
17402
8288
12579
16983
3332
10528
11107
16613
6995
11355
26325
626
25624
15402
9774
13072
8444
23698
8960
29488
10640
27741
3216
32250
28477
23034
396
12316
18609
13661
9978
2014
12630
9832
12537
23926
10417
15173
23767
20156
27922
4779
28802
9838
19007
7551
11832
1872
23416
31221
27394
31726
2195
6996
19228
24589
19376
13885
11753
29733
18827
1533
25043
15596
21191
12075
26895
12871
4898
19844
21193
10846
15385
16087
13151
27958
15284
30308
30515
1383
28455
10558
26584
28645
21102
26462
30404
30953
17758
23407
31758
21305
30238
28873
18104
5396
6461
19150
17390
29427
22052
10837
2435
10355
25037
32253
8072
27999
6301
2776
15700
2407
8621
11574
21175
16075
15129
4677
14106
16306
31369
25718
12841
28848
24530
8652
5876
5870
1955
6616
333
13303
29800
9211
1632
14270
24801
4051
10865
9055
25717
29318
30880
30163
16856
4606
26110
18036
10511
23134
1303
30801
11668
31988
7935
19874
30109
18578
8161
10014
24300
4779
22412
25335
5316
1478
13101
8228
16512
22303
26458
7383
11328
30007
13870
10392
15982
28968
10796
3004
222
17654
8724
5252
3791
22360
28848
29768
21636
29714
6251
25066
176
26292
28184
5896
16847
10247
15599
18420
6221
5851
11252
21912
3761
14425
1295
27213
3266
15296
28015
19241
5650
7823
30373
10189
12835
23740
32016
32648
30629
8172
27302
3901
10394
20987
2780
14332
21941
9607
1222
15328
4732
22390
19628
29536
24441
17895
1080
18186
10041
19600
21896
4958
12225
763
2147
27715
18135
3642
16980
27923
12866
21628
26308
6378
32104
26250
16876
11657
6761
16616
30776
26982
1434
24548
18224
20562
25470
3460
5016
10185
20710
25172
22165
3299
17991
15268
10541
5771
10267
9495
15655
28190
13801
3272
23700
22161
30045
26972
13896
3037
6533
18660
17190
6997
4678
30533
9246
387
2546
10815
17367
7816
20393
6222
28419
21913
30705
10695
31362
14678
24795
6381
18039
27191
25231
26645
6200
8934
30632
285
28518
13679
18796
1691
496
27259
2085
23879
10710
26780
11396
17638
7753
26529
22965
18740
17915
15604
3513
11724
24251
5103
27686
3586
658
3061
8735
22498
21557
13868
22970
25584
19275
23655
12864
25820
26549
19818
16804
20099
10840
8789
21911
28415
32087
31259
16916
30886
8356
16529
11276
8914
11783
2349
17537
4622
31674
20032
28551
25613
22999
23339
14129
10270
6953
20670
7144
15980
27769
17828
14207
5661
3816
25523
7929
17057
29861
20001
6841
17041
1298
7158
30532
26341
2618
8468
30384
15083
17953
16077
12213
21870
29898
6802
6383
16711
18789
14708
18594
8385
11637
10568
24570
17494
5188
20555
12528
12477
5414
4565
26026
7027
18636
26413
32622
16782
771
23049
16500
17384
25650
14779
29460
25075
29998
23489
522
5977
31392
16028
7644
11484
26553
30744
3596
2404
16112
7267
22715
2568
15006
4570
13077
30686
22548
10796
29988
22876
28938
8097
23799
12028
25533
26285
3119
13133
18070
27268
21805
12115
6194
19367
2955
29895
29700
3826
27391
25507
5449
2293
24875
11269
17693
16810
20610
18041
26927
17267
318
26220
28055
30045
22236
18967
27539
7363
735
14523
17521
29680
23713
5828
21167
1782
18184
5111
2276
23209
13648
23601
29450
22778
14676
22904
32578
8088
23695
26563
22875
5124
12617
23097
6505
31065
26679
14354
21806
23875
12467
29344
10701
2787
5102
17558
29261
20719
8120
3007
22104
19127
32190
6886
4920
25892
27947
19179
10744
9485
18546
26108
18540
31007
8756
21058
3019
24829
14226
10117
11913
317
10521
1099
1583
10750
9762
22667
15814
22168
22031
5847
19435
22586
9703
12562
16624
557
2908
27537
22480
26300
4958
15752
21885
20929
9342
3374
26213
12507
7930
23535
22523
31340
5563
24682
5492
20070
24032
16724
11703
29636
29629
15594
28638
32276
4237
18744
12330
21965
22825
20420
4551
19262
10608
9100
3375
14667
13000
3068
30603
7923
8750
6745
5449
9955
10454
9742
8323
13155
26729
31504
7415
27125
829
17735
29519
5755
15919
22666
3407
4633
32704
19738
12442
28894
12179
8719
16574
14551
827
16880
8013
8948
25701
21127
26312
7073
13197
13408
21741
22656
23920
2015
27051
6423
3024
15128
31154
13563
7610
29282
13311
21829
24078
5259
2796
11747
23680
7137
4230
27937
27253
25382
31892
6232
3255
30024
30809
24138
29896
12658
28914
26171
24440
30163
14036
15990
21282
10363
31021
19427
21073
25749
14883
7331
15936
2138
31522
11236
9109
21721
14439
15768
28791
21045
21348
30107
27352
10175
11811
16972
12372
13912
6055
7261
23422
21728
974
28485
29521
5624
8120
17571
27429
5425
5964
19474
2008
16416
8487
16629
15471
24771
24286
4906
31147
2817
15430
29075
9169
10353
15456
24730
28596
19078
24250
22853
28197
3479
318
23305
26138
23160
21666
4797
4925
16895
1509
18359
26713
693
1218
13950
22916
13417
32196
28576
18739
26411
22532
18831
1314
12668
3495
5442
30203
31912
9181
18414
31647
14739
7934
21763
23490
21015
3407
28445
9957
19585
30839
1689
21627
10713
16820
12311
24420
15469
21842
15410
13845
19794
2724
21821
18317
12596
10880
27155
18564
7543
6286
16702
5196
25290
4549
15348
18125
24879
5376
664
4312
31878
5290
23652
19636
7182
13326
16829
7473
10008
17283
6783
22618
11043
10262
29047
3828
2922
1834
70
5710
10146
16298
27571
26181
1367
28137
12875
6227
10537
28403
23634
11094
16404
9735
18743
24217
15368
1455
31244
20713
8979
26540
2486
24633
31062
16615
21442
7948
9071
8530
13992
5570
16200
15286
26273
9617
10057
18694
1007
25545
23132
31719
16304
32284
4387
14183
7888
12907
14362
90
25787
1624
21980
4412
9683
28135
8261
27768
753
21221
31798
6248
4464
30781
9502
3226
1825
11658
31186
9750
17882
3954
10755
21005
4340
12517
21177
6281
8993
1492
19744
14765
13632
9070
15976
21263
6937
9753
3113
6870
6625
18432
6619
10602
18070
18749
3658
30032
9513
19536
15891
4496
22917
18660
8933
7304
22079
7607
10099
13168
14065
19714
29587
28379
12762
1978
3506
19171
22487
3243
20694
19566
10040
4655
5638
16238
2556
15721
0
8970
1088
14215
11632
29002
28972
10601
2574
21771
5612
29478
29344
13935
29757
3094
18764
20336
30362
17283
8346
9225
32631
10717
18678
14880
25528
1886
20789
6317
12167
26894
24386
15775
27425
27907
12362
3368
28067
6665
28861
17415
23733
12356
3703
27624
29591
871
1755
22531
25204
21128
15218
16
20675
25115
31254
26479
21583
20780
28901
27244
12677
13663
5112
7906
16019
31973
30319
8869
23760
8696
16219
8766
16209
4185
2545
23308
4996
2679
24344
20057
31261
10531
29246
4998
4481
25352
22882
2441
9157
5011
22043
24342
18697
14133
12698
18598
20305
30280
8662
3187
851
2871
7552
26856
6503
27932
31810
151
22680
5761
16480
5463
24042
1983
14153
15188
10304
20462
17453
1669
15538
1723
10518
7753
31855
11341
7459
10945
14858
7623
10922
23713
3414
20064
9735
24245
24600
7392
30289
30861
5980
18652
5688
22969
21402
19710
2160
6059
31216
7955
14688
8713
10711
9626
16379
17888
10331
6940
5081
22780
16697
23616
4765
11395
10756
5143
20630
29729
22858
11110
30797
13592
2626
12676
3620
8774
16137
6827
11256
23019
1656
2020
22853
28044
23254
21920
11657
8794
6787
20401
17794
9491
14373
15690
32378
18346
13637
5703
23738
22751
26913
15296
1118
24583
16038
21547
1131
23745
11044
9686
14103
32313
2106
23887
9565
17819
5274
17607
1197
21767
26892
14604
4136
2251
32693
7718
1686
11631
202
1933
2957
6884
12153
27384
24319
23231
