24890
31497
14012
19485
12493
14549
23998
12887
17516
15788
11996
3928
11852
16931
12831
22467
26372
24335
2344
32467
11064
14155
29887
25402
12096
17832
15456
27818
19256
2303
29087
7043
4231
17149
17724
14416
16388
2353
14232
31758
13058
6346
20853
6516
16430
11324
26795
31354
14510
22552
14350
23640
26029
2073
28572
6781
12283
21280
31820
3281
12926
13099
7218
17377
4851
17692
30137
404
20392
15484
16653
4972
14480
15719
26705
15713
1748
30280
13230
5894
20434
735
13542
4573
6691
15388
9098
22582
480
17683
16012
32759
1501
19990
20181
19375
3193
9346
6890
17474
29987
30077
3008
13727
4677
19810
13899
21040
32715
8727
13386
6850
30500
14699
15988
22278
3267
109
14025
3606
30547
3169
22084
14896
31535
29150
27805
32154
17174
2578
30285
5945
29948
9388
27328
16296
1284
1447
24268
24953
7154
21446
6598
18168
5254
12518
5052
19645
25986
2069
19594
8025
15416
18361
25769
13558
11338
28244
8293
27391
23000
16906
25676
29909
2521
14184
22903
13278
3522
4371
5821
7671
30962
31075
12546
12744
25059
19606
23597
23147
30648
596
8128
20885
24336
14552
6211
4948
5841
20728
7618
22704
16538
32132
7562
9389
9490
27464
27768
29588
8276
8244
28626
2789
24980
25123
11478
22502
31812
5910
284
989
29104
12685
20616
23407
10319
6568
1058
9570
407
15328
11340
24720
25236
721
16179
968
4506
16529
12397
31478
19636
29954
6397
25353
16533
18719
23505
14907
7289
1389
30106
11763
25758
29194
15390
3967
32454
18933
14083
22372
11646
28047
4756
22032
23131
19082
23264
713
7580
8575
19297
5778
709
10281
30315
7134
12786
21472
22466
14078
7068
20291
22264
2444
6078
24062
1221
30714
5598
17452
19212
19721
25789
3187
32007
7900
16233
24407
7327
15564
8136
21659
20805
22816
26505
3782
9357
24256
12192
25168
15382
7656
12512
28856
5156
32746
452
16803
31689
2353
4467
26196
15777
17975
1854
17917
10639
8204
9384
15058
32267
14066
8629
13858
9701
8458
17377
3480
6795
22874
19991
30012
22865
31479
8588
7996
22177
7515
5249
28889
2195
17838
28605
32369
28188
9495
24056
29711
9697
640
21142
18359
1687
24654
16222
22848
11270
4273
3878
24946
16137
12466
15232
6445
12812
488
31229
7400
29759
11764
14694
10766
20149
1890
22283
24596
31352
1321
8131
23586
2505
14358
26085
17163
10765
4529
20223
25634
6739
7714
3674
31088
25734
27838
1070
7160
31136
18126
16032
15820
28256
5940
12114
26165
28030
12602
8872
26910
1749
10144
14059
9032
29310
179
15301
12097
11950
29274
16742
15318
12696
18637
12206
10028
31410
24383
26140
3689
15686
31928
29065
5465
16224
23404
16242
7916
18847
2257
8785
13268
27034
21331
10505
21573
14282
22737
7956
7122
7250
4937
30308
15425
7445
9687
29157
8332
3168
16113
23879
14681
22280
29366
24103
4498
12865
6119
25954
14797
6413
20869
17049
7814
16543
22883
16939
25176
9824
15005
24203
14031
3234
141
19329
15811
7013
15366
23694
18358
17733
27227
8192
13612
8396
29382
18814
12695
31796
23926
6943
21370
9686
24263
32346
4087
20074
13067
27228
28851
14481
1408
15009
20938
21125
21279
22198
30601
27472
10009
10692
13126
2657
7032
13037
8833
257
16046
17020
1334
20146
21566
31497
21341
22333
2299
24493
5062
26507
31968
2546
9790
25345
2755
13034
23568
22525
20690
16868
5854
32427
19337
21281
27075
11986
4707
18295
7506
13748
24913
25113
10396
27517
9103
20281
30230
28862
8134
11453
32090
21890
8681
27598
16832
17070
22621
24532
30001
5702
9823
27805
30912
15945
22351
22336
32431
16207
14727
3020
21785
10535
24366
6787
12987
25742
24241
28289
5832
28771
16385
14327
23428
24667
21275
16188
8475
18166
5713
28078
23883
15727
5838
30408
25430
27239
21999
4758
1447
25590
27486
11919
32634
20200
9472
22130
30462
30381
30848
24453
21448
7350
15209
2136
5401
18398
3208
27974
14211
12887
4891
28721
30018
25359
7556
5110
12620
5755
1400
26587
8660
4025
29939
14647
32630
20797
22445
18431
30120
6737
24678
8181
18597
27077
10915
26858
3583
309
27911
15036
11135
31447
27447
16897
10656
7468
23091
8433
1548
10948
23543
24171
28390
449
17528
24158
16213
2457
28285
3798
14193
11971
24874
24118
19836
12479
29402
30177
19820
14106
18041
26556
14905
5244
1662
246
17068
22909
20294
8425
19447
28244
29051
25879
31099
15454
24939
27364
30491
17017
18643
26287
10542
11313
7849
6147
9275
18304
25758
28677
865
10142
14236
14861
18682
24468
13317
1173
30634
25073
17159
22750
30915
4462
9710
28909
1768
14534
4391
27101
583
21720
25210
2965
11250
27672
19898
4342
22179
1545
2288
3413
8319
17173
26023
28441
4914
22558
17485
18769
6236
29898
7318
32125
17809
27398
29796
10888
31349
29813
24450
9392
17156
24363
11814
31981
32737
14801
5342
9525
988
4002
6728
15369
4002
32512
1224
6920
21490
3986
28106
12967
7900
7213
1137
18415
29990
22724
32459
29085
10116
7769
7455
32227
25846
32669
23877
324
18319
12235
3428
29335
29178
11867
31766
9917
29443
2036
19877
23213
19758
22781
28469
22930
22823
25060
30892
1327
3886
27340
14433
17926
27384
6047
28915
11483
5240
3137
8606
18946
8917
31513
29794
32423
16130
22356
10107
9195
26873
3621
27053
12270
4
15278
26817
7943
11628
16239
13905
22433
10273
27372
21210
15486
10305
1413
4803
5166
31555
14285
17782
29109
27531
10070
20451
25482
20718
23718
25178
21425
13633
24530
3656
18354
15605
20899
27217
8104
28927
8750
7488
11888
1573
15961
8413
26140
24142
5428
18429
31664
7104
9632
22243
2976
3521
18251
22368
13544
9174
23162
15621
21201
24120
25449
14999
17872
31402
2700
2663
9662
12544
20783
7652
11637
12490
20497
26075
24284
23519
15776
32118
8397
15266
10404
18432
19478
29207
3719
6786
4144
31720
6601
7563
25079
16659
8537
4757
17596
24172
11374
15049
2642
13248
21522
6720
15881
767
28059
232
19897
27782
32433
29608
21997
22804
20103
9050
2952
15112
22802
26225
25004
6826
20637
8042
12412
30196
17104
3008
17135
9173
19638
28981
3889
31653
16032
17059
1910
32748
6264
17416
6859
18450
16661
4705
22458
7900
22633
239
27630
5627
12752
11454
17670
13355
9571
16622
26637
24148
14757
14613
16306
27609
18757
31899
17304
29939
17738
18097
22978
8312
17654
8297
9221
25835
16008
11655
18362
12388
9041
27576
14286
28112
16172
4383
21363
18152
29216
22396
24653
6101
31230
21192
28800
1889
6353
584
687
2296
11326
20710
26412
13060
30841
6722
10813
18070
17784
8732
10790
27804
10677
24920
5091
26552
1847
31390
15993
20625
4605
8124
9148
22843
24171
30879
14955
30440
15667
15337
28015
12588
26841
10665
20487
8627
4997
9603
28462
22576
4313
14368
4380
7079
14664
24207
19740
15731
31564
23736
524
1527
29056
14786
7060
20968
5228
25982
2204
22927
656
1808
23811
19521
1595
19236
434
30673
24662
20293
29570
5550
2396
13236
8054
16377
11880
30580
14506
23389
26924
3262
20374
15699
13451
22841
864
12896
25490
14058
32548
26225
9800
4000
10612
20677
26408
4755
17332
9042
3762
31009
2036
26353
5541
12877
2284
25373
20912
20320
25485
28059
31812
30460
20223
4798
17282
26065
21106
2475
24161
25838
30443
6586
9043
17083
13554
15381
15336
22862
25886
23206
1452
10859
12229
857
29520
26338
23223
18837
11914
1307
21703
13214
2027
6924
26985
4680
28306
23683
25651
11336
32180
23679
20996
19165
18382
20977
25580
22103
16271
1508
1103
5361
11844
9975
21279
26592
31634
29203
24056
27055
15899
7786
7877
26905
5473
22920
6836
30853
15348
24032
19682
25463
18593
29233
15688
25793
22665
16799
30650
32556
24586
22408
20952
31547
10527
30971
21529
29795
17385
16016
6941
17824
22162
25638
19238
26761
6907
30414
8712
6183
28264
17442
20289
25458
8795
17541
21619
27926
25655
1072
17442
26348
24634
23297
17060
28968
13759
11571
8135
31057
23850
4551
15761
18672
24703
20034
3581
5436
27542
2386
15967
27512
20824
3079
31617
11160
14387
25787
28510
23595
18709
22809
10134
6692
27266
19065
10003
27989
6128
26290
30087
11274
29569
27920
28623
12653
9050
14816
21704
16688
28598
21004
22878
256
28998
32412
22422
3115
10879
21029
21461
27573
28665
27246
3259
2100
25434
26032
15683
14045
12603
19071
11212
32382
24334
21221
23605
31226
26640
14536
31950
305
3976
21780
15383
21745
26373
10676
15673
5433
6343
1636
14316
8446
9655
20859
5837
4022
12425
20385
32568
28024
6859
17975
5359
8970
5984
20372
20192
31940
30916
15511
6793
28532
20282
3987
10934
19766
28427
3624
6839
4161
27508
16172
1405
12015
7227
16545
23694
13672
31168
21458
11015
5232
7046
8205
22256
19799
10716
32660
30032
13841
18331
27393
25411
6948
30921
8015
13852
5218
1447
22045
19397
20689
2462
5732
20192
12374
32200
423
22332
19563
24970
25898
18804
2130
3901
8635
22475
29463
15513
15881
29165
14823
16135
6847
16191
30319
8628
26755
15897
14632
13132
7704
26598
19238
26676
22012
26962
14834
27615
12683
31474
29981
30468
29001
19534
24017
26303
11126
11040
6604
21418
6674
26227
12972
22812
3215
13168
8971
28395
10302
22888
1108
28641
21619
9673
26926
9633
4252
14081
27582
14295
8638
1986
1238
18701
7042
19214
16688
2209
16775
20479
15440
30711
12449
28576
5768
4942
6320
29019
26355
10053
25499
29628
27090
30997
9146
18334
2046
30498
12008
17929
21811
9760
15533
8358
17473
12484
28129
9679
30257
12357
9731
25240
5300
1854
9183
17768
19658
1272
188
29219
7562
5494
20487
15076
10743
25130
30127
25723
31298
20008
19048
17061
31911
26739
30284
8471
14805
9322
31976
14864
16256
11627
9756
13505
16163
18202
17861
26115
9135
31856
25840
32098
32510
5110
9632
20606
15897
2578
32545
962
26111
32577
16822
17294
16458
27601
11205
13301
28561
23354
198
4415
5156
1335
32121
13781
22443
30908
21279
23347
11622
23129
16931
21505
18242
29098
6796
10651
20592
15750
32586
2461
31403
5780
8019
12504
4812
25135
19341
16453
19104
434
8569
24626
15290
28447
9665
16085
24717
27363
1338
18567
28414
12207
13359
16478
9884
6695
7413
17681
1209
21653
17950
7246
744
6387
21314
20719
15796
17823
31597
26764
27422
17512
12572
30363
29867
22362
2591
16356
22369
22227
29045
32501
14840
2626
8396
20095
15051
5345
25900
22797
15755
3918
30322
24192
26957
4292
863
10244
30810
32152
15343
1724
22905
25390
7223
2122
31154
16405
26296
24779
23210
8517
706
15135
19177
21036
1790
26356
25621
25545
30319
5995
19042
6440
13203
17861
20285
29449
1336
27409
1612
5701
21090
32226
16527
5795
17775
19051
28284
27344
19574
10131
20239
16112
8877
24593
9168
25584
30072
15164
12342
31409
10188
25774
2988
26802
23248
27497
3478
9713
20325
14411
8227
10509
21105
19597
4687
10821
17010
6648
14806
16956
19422
10252
19439
25230
9004
27403
30741
27882
15834
29059
8695
4869
30512
13943
3522
30500
14862
4782
8023
26253
27633
22481
997
22615
4234
4542
11859
10197
12568
27407
32206
13547
30464
26879
1107
13947
26463
20363
2833
26109
6760
28420
8231
3630
7539
5196
16990
30091
9900
11194
24498
18023
13804
22119
17848
27062
22186
22557
844
15739
7463
15771
18206
12309
31440
11181
13220
29961
21542
17684
29418
199
18299
2852
16071
15197
10083
8501
24595
21945
3366
29141
31926
21018
26092
4996
2853
1870
21893
12368
2305
18541
3140
2814
522
11626
15479
31561
12399
4823
1419
7767
4644
20139
29714
181
13010
19104
406
25964
20806
495
8642
6863
10354
2594
3684
7360
12498
23964
31665
19817
20385
1134
12382
12433
11923
22422
24161
92
14211
22108
3820
22554
16913
18054
25689
27305
22331
32607
21777
5327
31379
26402
3021
28637
15894
16233
16516
26406
16358
19128
13536
8545
4372
4638
5407
25728
12494
30484
31601
22465
7181
16609
20122
9311
9822
9115
15380
31808
8536
19837
8002
28934
25850
31789
8080
22613
22230
14834
25589
16437
6216
16260
4397
17872
1237
1946
23582
4426
14337
27886
22588
5019
18363
26992
31403
9759
6063
11593
18426
6014
31489
14627
27786
31991
31342
5563
23955
4143
23455
53
19087
12743
15921
21098
32483
2782
12226
2112
31270
10806
1741
15297
7980
10054
7244
24875
9421
13618
3599
22243
11938
18479
14069
24669
14145
19325
20772
23769
32133
21123
28614
30914
26164
1512
8053
30305
30767
12722
23290
31742
32278
31681
27045
31740
6452
23493
3361
17183
30729
28508
18632
26569
24636
16099
24867
783
1592
31983
388
20491
9573
24432
29674
13483
6621
22058
6249
21796
21551
11943
1649
2094
8994
12060
384
14244
15422
17993
11721
8632
28473
24378
30142
18457
10225
32194
27837
12144
14320
9699
11092
23221
23764
11738
488
22502
4143
13588
31250
29888
12007
24040
31792
29578
2820
25054
26889
10760
8698
27213
8857
8312
18422
2535
18472
32339
19453
30130
13498
29459
2928
10226
21011
32458
13231
21059
23464
15609
10252
23981
22898
10219
29690
27663
9010
25707
20236
21056
11923
29604
27778
32658
10047
13746
23772
10286
5215
9329
21712
31440
16227
22036
31466
16910
26234
11720
23035
18988
19740
14502
20780
28301
5392
852
20784
440
3137
14795
3643
1670
786
23388
11484
28410
13217
14676
5209
8495
23109
11248
24175
7970
8216
11063
997
23205
21828
1011
8429
22145
32430
1279
12180
26056
23703
28674
22657
21165
10599
19110
13006
14430
29889
23701
32386
10765
26454
26373
17119
3347
7809
28208
24944
11420
5231
13531
19666
15327
27703
22174
31604
17991
31847
28419
27346
18517
27038
15078
3993
13338
27359
9815
23729
7831
9983
820
8962
11304
19446
18641
23500
21616
23337
2226
8921
11257
6518
20447
28274
10942
26689
16705
24772
13880
23550
23338
17789
21068
8274
12523
19785
13142
7748
23587
20060
19477
8099
16425
27664
18068
31531
3563
2705
25173
32107
18273
28056
13574
21036
25750
4554
16944
14444
1130
974
27321
19262
31715
16960
7871
17806
17563
14986
29797
20344
591
19309
3075
15735
32331
12209
15086
32541
32621
30812
2736
21133
25330
11781
10186
2920
31773
9636
21113
24708
11118
28456
29890
8562
5209
4901
10966
9512
7039
1414
24795
1782
13772
1584
28832
20734
5118
17284
16257
27121
5020
10082
27557
22549
31599
32685
29185
21775
8516
8440
17441
30386
31719
16827
10562
18636
2592
2815
2314
13413
29058
18076
26971
492
24381
15231
12639
10284
14281
5496
11532
4533
17984
26464
31316
26291
6190
7738
9518
18354
9576
6042
18005
12540
17204
17582
6868
8300
25871
28086
4028
10447
24296
12299
22262
23421
16213
10144
18902
20638
400
17384
27583
27897
29372
20031
12522
400
19372
25748
26706
8830
22559
6280
26089
16653
1642
13884
30952
7962
16284
28453
1630
11318
16910
20851
8125
25941
1787
9350
8857
3953
26686
1759
29079
17766
30945
9901
24522
29426
3742
30385
3969
2377
25612
31302
13169
31138
15296
26740
19048
9921
27207
269
21164
15921
13406
16886
23044
5321
23304
8962
7422
16579
31822
4263
5309
10714
31247
9733
27323
24659
18122
14982
376
16268
8554
22419
7712
6267
31113
24639
5169
18808
1400
19221
31878
3787
21210
7892
20058
10654
31943
14828
26229
16119
1221
19696
16981
6367
7364
23748
32330
25502
28684
19389
15743
6376
32105
7140
26968
20591
17577
3009
1592
9128
11206
1240
16243
26137
10977
27100
11796
16945
28679
5602
21585
21889
11996
16924
25429
10000
18668
19656
4052
20791
6008
32034
1008
20734
9762
9247
7920
19845
31771
55
22211
29215
32255
15785
31548
24143
18003
8349
18418
6839
15397
29641
27181
28873
16307
15709
21977
26966
14112
21332
1028
17225
8008
30241
18514
14213
22026
19912
19222
15580
24097
4334
21943
32428
10551
8984
16461
18816
11111
10082
18327
25385
15873
20902
4278
17773
5609
19506
10941
8673
3661
7789
23281
11568
1584
23122
2472
11773
4618
31665
30158
24637
2085
32302
22462
22088
23310
9116
31164
32442
409
2043
17528
19724
11074
13585
8554
3379
27780
359
28410
12467
22933
439
23187
11831
29086
4334
18479
10117
11826
9399
13608
3031
29735
28900
9921
28762
17099
28866
9228
18903
2126
30630
3905
9348
10372
13094
23836
3736
24275
9827
29467
4335
31822
15825
558
25248
11802
32010
24016
18707
14855
26820
29554
5033
2310
14186
25581
9674
11925
27437
6543
10974
11719
8906
12239
25284
21460
9517
2895
6369
9685
3916
5689
21800
22514
8011
8715
16441
11531
23069
23847
24073
23199
11525
27194
14684
464
10708
18851
11570
606
4255
29857
20632
31709
4820
18710
26941
21171
16947
19760
17287
5756
27427
1813
20513
22614
10798
24215
11983
29470
24904
26401
361
22791
3350
27357
5735
32117
19644
2548
14092
18374
27309
8989
7321
7792
30496
13421
15536
27778
26720
9373
28411
25046
753
23635
28591
6303
16142
26602
29979
27372
27903
7020
11357
14274
25336
10995
22490
25181
4619
18640
3077
16921
10707
198
26887
10150
24702
18134
13575
4275
7964
8769
32758
7831
8124
16633
29181
19339
18473
10936
22634
18656
16139
15700
8706
3088
17404
353
10468
17604
21384
23123
12319
28974
11891
9726
1678
29779
12738
22133
31139
4670
21533
25861
22823
13788
23770
14122
32331
5947
31630
29135
1721
14031
6388
1659
9534
11069
25684
29028
13727
9015
18555
15997
23235
24779
31488
5511
6741
7520
25523
13944
19917
28787
25906
23972
32401
13895
10208
4905
2983
24170
21300
12729
10308
14321
2587
16724
7231
17795
30324
29847
2529
14142
29701
18536
27638
9820
11070
19619
8456
26971
7213
31288
20103
7528
17853
22912
2162
11782
15049
1493
8079
9849
29857
7215
10001
4700
12190
1265
11742
9306
14340
25477
27768
5204
24543
393
32146
12359
13565
27636
5025
19772
26882
13019
26461
20028
6186
8579
21210
8923
32749
19389
12203
18956
11780
15405
1207
10968
5885
23664
23603
23348
28272
17487
22316
19621
13240
12297
15893
8489
19300
17942
3271
4726
23642
22988
4406
3515
5843
18232
2770
3300
817
11733
12848
15731
5231
21796
30525
28563
22300
7602
26218
24575
3370
29856
1700
14862
3126
21046
11351
13831
17776
25331
27164
11207
18453
5915
8888
15506
20684
22335
3432
19534
28391
10198
30931
2411
2606
7259
19551
16941
15577
26811
3589
18595
7167
17316
5114
8683
5168
5712
6459
11678
15156
29142
23442
31280
2104
24034
26765
9910
10578
2539
21201
20845
29738
20387
4082
32373
24727
8994
16829
2898
21996
17318
29119
4021
3444
1219
30799
15367
5502
12416
20121
24658
17799
24307
32439
16187
23137
23707
30389
7872
9711
17154
24057
23633
2989
21084
21551
10175
7497
30173
11156
15424
16616
3575
12363
15718
19165
13111
409
2256
18997
32727
18314
2576
25501
3379
20533
4840
23836
9951
9700
28956
12055
22307
298
16879
30989
5253
25334
12541
24571
11604
7841
11610
4152
3822
20337
24392
18632
7630
30378
16656
15311
16291
13851
28082
25943
22414
19876
3117
14203
7136
16487
19393
8966
12966
25637
1751
16973
32606
16154
30589
26204
32253
3440
24767
30728
942
18735
26042
14718
11172
27392
6491
28841
13284
28589
32342
7416
9193
24557
26880
23865
27062
23353
10383
25742
26118
27901
31606
21484
29130
14333
4214
23638
25501
12475
28749
6608
22009
31434
3981
13601
21719
9384
24971
6006
2824
270
30873
16598
20533
306
8876
31365
26881
3004
12728
32080
11789
7666
16712
7441
363
24457
18007
6746
21941
3419
999
23309
30040
323
3730
23422
24257
4058
29275
21295
25866
13250
14522
3999
23181
6182
10102
856
21307
5721
22697
27713
31458
21397
375
2682
29988
24137
25755
10292
12047
16919
20332
5491
24637
5915
12161
29340
5084
1877
7034
16887
5103
20480
25102
24738
18548
31930
23412
21532
21162
25974
31971
26095
19740
14267
9080
15886
16373
17825
9392
31706
30622
29337
28416
4803
24839
12467
23494
31117
23844
11344
3773
14219
17845
11259
11165
10800
29535
3111
29183
18360
10822
12827
21884
23995
18955
29312
30857
9183
12748
353
18870
27745
1263
17781
11908
6754
19384
19130
15753
12542
9840
9019
6750
24885
3727
9740
7257
20351
26396
8176
8017
17771
14060
30118
10683
4649
1859
2941
27718
1404
26363
8384
21019
8522
11301
25221
19044
17044
11034
930
14636
18331
28059
3803
257
4612
25414
20375
7865
22875
14645
3933
26846
31477
17367
10841
3623
18175
21154
21571
18371
7131
5454
24544
15054
19718
2183
2164
17958
12882
97
15717
24082
12986
8994
21775
1892
1020
16829
12136
6178
14897
9863
17357
29191
25312
11877
14506
17851
21553
2275
14684
31749
21094
29809
32093
837
29127
27924
24739
19548
26807
25509
1222
5685
19224
14234
8891
30106
10433
24990
2534
12083
23689
22513
21347
16915
17396
31875
13031
31826
3835
14730
12575
7028
3677
10362
8242
390
16762
3445
15397
20051
27603
8667
26782
3794
15498
17775
19848
22368
8383
2686
4907
4680
23146
5979
122
10004
23109
8644
3377
27092
3843
20287
23555
561
15525
14915
12634
19521
27389
13661
10699
30989
4836
794
17173
14529
19902
14111
29714
31836
8519
24402
18138
16941
29955
24490
20747
23083
28817
29922
26429
5671
8824
19691
265
15536
6441
7991
4878
21473
13000
11392
25627
31004
16677
11899
26229
13732
31018
30734
10489
8598
19351
30393
15453
8058
20423
23638
25942
7572
8248
23066
14189
29891
29396
845
483
5049
7704
695
27974
12077
24111
58
32444
7442
19515
23767
21095
9189
21671
17644
7482
31807
13557
195
9240
22630
18690
29488
9875
19690
28937
9486
5150
25122
23758
42
29689
5331
22980
5303
14639
6751
31457
5380
31144
16615
12446
9554
29784
6214
18043
24203
10170
30436
3990
2320
6702
80
8496
3069
14161
22096
19353
31324
2067
26466
2792
15317
29642
2681
25918
31747
26814
20290
9373
6427
30420
7431
31435
24080
13964
23551
2398
10772
22007
3732
22043
14398
6320
27359
7493
16972
15637
25201
9337
12423
10123
26037
28201
4531
21786
28754
27714
6135
6389
7666
22779
4852
3991
16095
24799
11217
21336
22472
27029
22147
26505
11875
3014
20374
17551
25265
30983
25348
20868
24838
10695
25915
23490
14918
30297
3511
11653
19313
13285
20081
10821
24058
4076
32680
4600
3340
24550
15511
10817
22892
2178
11214
14799
2387
32688
16318
12102
15025
32344
4469
29136
26316
1102
16415
1865
6612
24338
13420
22646
20432
8472
26181
1235
3825
8394
32283
31013
3369
16163
23699
21724
30482
2242
7851
17100
7857
13787
27411
20712
27701
20212
10747
30889
26841
10859
2221
16413
29229
2133
13164
8346
11578
32328
24953
4706
4138
31082
24214
29395
13651
3713
27388
29781
13744
2314
13619
29696
18662
16223
13940
7377
12542
18045
27091
26158
8860
50
29373
13565
29415
29296
24534
12899
8820
5417
1763
27232
29477
15771
12885
7524
21635
8791
17983
31101
18865
14894
28047
32698
21539
7738
20364
5296
2809
1305
24352
31055
32598
1526
31959
15767
23228
14945
26753
11102
19024
28404
30005
8630
24879
31
21012
18385
8043
24885
12891
4667
32756
6235
18971
21668
4876
12408
22599
16263
28025
29126
14698
11510
986
7562
31851
10225
2708
17472
3891
5200
23483
527
28827
6344
11541
2751
16820
21496
25268
15620
7243
17330
14607
16613
20413
21846
19171
16755
7517
27937
25122
31413
13246
23754
28479
26324
3065
23873
10414
31382
24482
15973
2810
22787
8817
24208
24261
11788
17350
8767
5558
2559
7741
5155
17426
11172
30070
19141
5090
5617
16226
4584
13735
10062
9279
31092
28622
1711
26930
9315
32064
13002
10557
11184
29441
25847
13385
23674
7422
15259
6855
17718
13339
7849
13388
8274
2453
25315
18288
11109
20128
5890
12698
20449
30404
4184
11218
2569
8337
19943
19566
9888
28740
19232
19619
2670
6523
277
11443
27913
9553
5612
27274
15066
24678
8811
16148
27439
10459
25009
21435
16514
15226
4310
357
14984
158
17550
6545
15604
3889
30445
31008
20301
26744
21814
29275
31174
24789
2522
3438
27813
7676
12921
28051
6651
31303
1904
4283
15134
23341
1593
19419
14000
14975
9532
20179
9546
17672
15912
31612
11874
18852
24906
32226
19877
23529
17236
27701
15307
17572
7709
22174
20487
8335
23775
30324
27592
15250
12910
32630
30912
17541
20853
2634
17873
16497
22588
32504
9062
20346
4639
29198
9263
12315
32301
23444
2995
14880
14055
19106
28663
671
16258
15158
5120
25869
27293
14099
928
16120
25913
19184
7244
28299
6076
32474
20659
19290
8208
18432
19479
22301
21205
31424
10586
9234
15850
9962
27562
3820
18400
8575
17131
30969
21885
20888
3523
14762
31368
19862
32426
4720
12784
19324
22420
308
17747
27102
5481
29591
2471
27832
21784
24444
3682
25223
18314
24470
18875
