14335
28214
26766
28112
20052
14157
23464
12750
6314
24738
19151
2891
12681
15890
21261
11363
17384
4208
31096
31579
16612
3712
8790
25836
30195
25004
4442
32311
29293
7400
27854
9710
26611
15577
7204
20606
7623
4702
4688
4637
19487
16220
21819
20858
22381
29843
1013
31329
19847
9114
3927
29088
6345
21838
14997
26955
30063
29768
29720
3586
20517
28697
11844
20148
24689
22107
20189
25149
27690
2805
1590
30345
16632
11419
13583
3104
22422
25055
22120
7519
32365
28702
6520
18374
24650
16074
3520
31235
6552
7889
23446
12397
28518
12782
23511
14923
18818
9097
19081
8544
518
32671
21673
26706
11697
24732
27418
21956
23425
4521
6368
30693
1954
20472
29082
1544
7016
29293
4049
5810
18258
2932
11097
9802
30929
6102
14964
14605
9940
29504
3335
31020
3500
20326
22049
14628
8100
8029
13317
24497
10449
3617
21294
19867
6860
26617
15101
4937
28097
24463
21789
6230
31751
1476
20288
11689
28607
10812
9028
1523
21143
5251
19883
22963
5096
3307
17570
17158
6838
30948
3774
8723
13255
5543
21444
10826
7870
28392
1424
20296
16630
12644
30286
13701
370
1909
25885
32011
716
26689
21176
23682
4442
29747
29841
14399
23746
7283
28741
5582
19965
23025
3530
8953
17616
32143
32024
1279
8291
5116
23732
29637
26511
11430
30765
9130
17898
24815
15946
9615
7531
2524
3771
14127
6985
12021
4043
8689
128
4165
30075
8976
10664
3924
9497
21285
24584
22769
28404
29367
32681
26647
28817
3812
25907
6503
24380
9959
20529
27737
28913
4494
21163
4465
15879
28508
11247
30052
19181
24361
21651
21503
9987
23226
10265
8978
19098
3681
19546
27473
21868
29383
3339
32128
14326
16664
23157
2297
16845
19277
30926
15293
5167
21127
27008
2552
11796
23822
1999
23844
11862
26918
24795
585
17479
20916
11787
6818
8967
31793
7684
18066
30850
16499
23749
18772
20195
16122
25554
13447
10893
28073
18990
17048
26206
24888
31955
16641
29573
29024
7564
30812
14099
2763
21130
4813
7443
5592
16928
25876
8784
32645
10366
6811
32331
4965
1442
5411
31584
13006
11872
26958
18357
31237
31959
22591
17524
27751
3948
22173
14012
19101
15375
9923
4362
27549
24662
1836
3460
6985
4143
13568
27042
23937
1650
23284
3616
9182
26656
15033
27828
26172
8860
27726
19931
4493
25404
13070
31817
15201
14641
25332
17381
17950
14606
5152
2218
29794
1704
20012
23737
12505
20435
17137
1443
20760
20711
4294
1027
15552
15941
20335
23183
8474
27503
27188
23258
25677
19760
10329
18202
8671
28746
21327
10728
298
4561
1777
22318
11424
1295
30185
24712
22547
2249
29236
4206
17462
21229
1166
13666
29395
17440
23451
21628
30251
19272
13486
17920
26584
27958
16951
1707
3980
23813
12720
25424
21245
5692
24573
8063
2453
21969
21222
15322
17147
7574
2128
30377
4510
23136
8962
9627
15331
21813
19790
29318
30738
14522
5763
13905
7932
29619
13081
21349
24493
30283
1521
25486
12460
18261
15122
23008
14606
2094
15714
10347
21273
11843
20844
12274
5304
29928
27239
12166
19392
28485
24869
30954
26597
5380
29708
884
24433
10141
30972
7771
4844
25397
30468
19113
29283
28132
20629
14194
30395
9905
21848
18749
27734
23143
18321
18588
13270
31245
7084
26464
28820
22170
20903
21399
13098
21277
14878
15498
20868
31177
9267
18888
8351
26133
16413
26701
16289
13109
11153
28399
23130
1400
18812
9883
22304
18316
324
19372
11010
28327
21432
29490
6213
2869
1386
13444
31997
28922
29904
23453
20110
10775
3902
25059
11987
28311
14021
29443
1191
6213
32403
11495
7444
13051
22537
27436
15831
4248
13145
21026
26330
17215
12811
15518
24488
16938
32632
29974
15710
11356
29496
15855
27584
22247
31626
27173
31601
29014
25345
12372
10745
14091
32265
15347
30218
14609
25369
18479
16464
30185
16992
198
2674
4827
7740
6701
15197
5603
18263
27421
31759
23744
3612
6519
7620
27743
30703
2385
29225
11975
15460
6635
24997
15020
20119
16756
24726
27112
13678
4404
9256
6555
27693
22906
31397
7538
19930
29910
16635
15843
22355
24792
13751
10920
7571
28670
11248
27433
1186
31114
3657
7860
30401
7433
31801
22288
4751
7637
21816
9619
30478
25986
4159
20674
14034
15369
20097
9954
27111
3062
4183
6
12381
30977
28951
17900
20482
4375
9842
14390
7955
28565
21105
12296
12902
76
6832
27932
29582
6694
32542
13876
26908
27831
331
2748
23093
27905
14694
30638
3463
22559
32751
567
12292
11625
28081
20340
3588
21388
13905
19673
27374
25115
3710
11939
3103
26083
28946
8160
24010
18681
3378
28516
26532
218
17050
17667
25955
25821
15698
2859
1798
25262
22428
31399
6412
118
283
22224
12150
9980
7059
3478
9253
16710
4202
31919
115
20065
5013
19034
32544
24424
26760
3259
30627
17556
11443
25604
1862
14960
19831
31337
15190
23796
22077
4320
9143
3080
11421
10582
6945
26753
3934
3256
22874
21119
13732
27852
3406
12202
7423
18973
28717
23127
21659
23237
30723
15025
1179
32260
29859
14717
25012
18283
32496
24528
32331
12149
26610
30705
4261
26396
2163
22398
19580
2735
17282
24023
30986
22254
19301
9747
30118
16076
3883
30325
19160
28683
10375
1924
13865
29041
32187
20531
1873
3948
16465
17301
18483
12318
14316
10505
22106
29586
19573
25442
27539
14333
31340
9328
23854
14868
19544
24787
27238
31854
20921
31963
25153
22428
568
22957
2969
6327
21927
5555
20727
22303
27259
584
3314
9179
8367
4151
13372
32065
25302
4508
22406
22154
12157
4226
2502
30673
28833
31126
2207
21467
32751
18223
12433
18204
14395
25510
23609
16438
21039
12463
3991
17139
32246
29503
29442
16898
25224
3290
3585
13745
11711
3006
1338
31753
20298
10124
32339
21786
21309
29791
22869
6740
13198
21401
9887
21052
15684
26803
4145
14273
8812
3040
17178
759
28912
19351
29989
29653
29515
28618
481
8981
32594
104
25369
15978
24442
8456
24985
15072
25940
12065
31047
23132
11097
8479
6845
8610
26934
12018
15530
4920
5237
25468
2997
24562
15873
21798
28020
12549
5027
20210
19538
22466
24376
12408
15143
22702
13387
30458
29654
6806
14519
20757
27050
25872
22192
3253
31330
4831
19232
20692
18584
13347
15048
32116
6424
5677
7212
22537
4900
23243
865
2712
17094
1839
18301
13576
23621
1939
28387
6216
19696
28576
13511
13375
22058
32497
19004
29609
3348
16673
15221
8493
19344
8493
24157
22850
13982
23780
11032
23390
5765
9472
27927
24116
21373
3395
17955
28961
26509
7787
19606
22997
25442
2072
10428
1309
1767
20028
7267
31348
1144
13104
22245
30887
24889
11502
31209
2296
8686
23382
11811
16802
5506
15016
3269
32667
17853
15483
30881
16246
6538
29811
28664
19864
30008
23609
32466
20391
31372
9712
30887
23405
4648
8665
28238
4623
19554
3711
30233
2612
12794
25337
4403
24523
13229
18348
3957
8455
11808
1586
25892
30292
12020
19102
6104
6213
31443
24306
15900
24692
15547
27365
9864
25601
14291
7103
19276
10193
13951
33
17481
25876
17741
2786
19262
733
13605
17041
4072
6365
2299
15761
18215
31422
28046
13723
5780
32715
3217
23388
9683
6838
17785
26433
2209
23850
11729
11640
23541
27188
9802
32633
32498
30894
8471
15601
14623
20289
21135
22047
25729
9082
30454
11469
29738
18089
17891
25043
8173
22283
20947
18634
1422
1071
1321
30937
4404
19258
5695
14834
1775
28849
20916
11412
20864
2211
16595
8626
32607
2233
21153
7695
5979
5546
2177
8080
26109
2117
12309
551
8196
15703
29573
25419
2379
20994
23813
14500
16928
26007
24476
20374
19787
16956
10247
9352
9883
21109
15117
4374
26965
3536
9690
12422
23315
32409
15859
17666
13453
27754
24315
23853
25661
12663
14666
614
6982
15194
26751
6808
4392
1719
5720
11158
14238
8328
4880
22360
7609
6216
29411
17154
24312
2463
29363
5430
20645
9800
27853
22142
17144
24621
18273
27877
28310
24270
18525
10912
3982
22864
17847
7845
9421
21967
14879
5429
5833
10948
28332
11055
18068
25020
16248
623
3278
18102
13201
14432
23526
32293
28440
13263
1797
2019
9279
22684
9029
25431
16994
32034
5985
32506
2083
30453
1873
9492
26978
22697
24422
22037
15029
7767
470
18809
30113
18263
17849
19147
8755
29863
23834
617
14
21926
22709
11434
30061
9652
2716
14023
3597
20108
6648
14260
19826
21777
10006
28329
27028
5369
6952
12956
27014
12806
18638
31821
18977
5400
7324
29543
17992
17860
29677
27352
11431
16417
23501
12690
12640
14022
19630
3778
5819
7236
28802
15823
13400
17939
11071
25524
25693
28837
5923
12705
30467
12615
23792
26858
14261
3650
16443
6281
7695
6594
23868
25022
17965
29668
11393
7723
20096
28908
26460
30277
28036
18300
18979
32151
6333
19791
8573
18386
31991
5004
2792
8771
13191
8388
24456
2789
29002
26390
8656
5091
29235
11018
28063
11286
31884
3621
15589
7888
5748
14071
17189
3601
10465
6754
27431
3541
20321
11968
112
32622
13730
28029
24762
840
4363
12695
21861
2876
26782
154
13946
15746
17227
19151
11440
10836
11270
6869
22131
24706
13361
19110
32397
14069
17647
17446
27827
13676
31461
7249
13825
17062
25230
3371
19948
2203
19685
8220
14690
30486
29003
6082
29362
15871
31136
9821
25216
31459
30685
1542
19510
10015
16398
1631
5767
16055
8964
10741
27715
31917
2733
16509
5534
27419
24434
904
2077
1569
4326
9836
10190
3769
14643
686
14468
9267
14987
22827
26089
29197
31389
11365
29442
15954
14668
31510
11784
25248
4904
28621
15105
26203
2628
8333
16248
1653
11658
2078
11200
1103
1902
30038
6180
15044
25608
6749
8497
27823
3839
15664
26037
10274
3229
25862
16449
18121
4469
20312
14951
29454
29205
115
19570
29178
32629
13843
29697
18630
5315
22583
14937
19263
15462
818
6571
25471
20152
18124
12925
25990
32420
2391
3067
26768
27233
22224
5761
18570
10854
22043
16965
579
6548
25399
1663
15650
24010
13095
26720
17024
1110
24181
30552
25109
2685
22099
2088
8569
19924
27945
19666
13219
24129
11684
10455
24088
11348
6802
8042
14022
19144
14961
1268
23032
22504
29437
3875
2038
1090
23980
29398
910
279
25227
15060
459
28985
6832
23341
8022
3716
22842
11703
7628
23057
21391
32732
25140
25589
12319
27012
7548
22010
27405
25303
18675
27236
10292
6695
6264
12511
22304
12021
9284
16480
10154
18346
2682
4680
25436
2555
2309
31729
12524
238
10013
14629
19424
9701
5223
14555
21504
8299
29651
28765
17765
5803
32607
32132
4336
9112
8632
3348
18679
31407
11049
25419
31661
25529
17668
15398
4728
22951
10372
16140
19894
5623
24657
12389
26890
24251
26568
14695
18366
15538
29825
28160
7935
12267
3717
1517
10164
27231
24747
21673
17035
26342
12021
7306
31194
10683
32486
27792
10178
30184
32585
21538
22347
14112
24536
2290
25944
7969
23542
19143
2230
12168
22907
27380
26212
25077
23607
16707
25524
26447
19698
21640
26841
8699
4095
1221
22345
18568
3555
32699
9038
8944
27631
29675
2693
23837
17631
19324
24637
722
32571
13068
13346
19211
23890
31325
16480
7582
3418
19820
13872
19271
22885
5437
9054
11795
3369
12984
5924
5878
16489
29024
706
11691
1073
28262
12562
24259
5244
31798
25300
7610
21480
25022
21006
22298
10342
29784
5478
9838
21710
29550
31208
4811
7226
25570
18352
6871
24445
15260
14346
20578
28932
31170
223
27242
6588
23988
4155
25685
10696
26626
1780
14445
16016
4608
30956
30629
14489
116
30964
8058
9694
23150
9418
4724
13158
10729
8993
30406
27940
7006
26929
27877
31749
21705
7626
27239
17372
30816
13531
26715
21375
29560
7109
17670
13871
31002
25728
20216
21779
32644
3267
12236
19233
5719
18994
19458
26737
3290
3837
15009
19864
901
22463
25165
25238
9019
12344
19614
28371
14962
28669
3962
27808
9470
22914
6370
19968
12786
22290
5230
1802
27884
20118
30812
3273
2787
346
25327
30325
19321
15764
27419
2982
31
12866
17246
31248
21473
3527
11199
23641
13444
2857
354
31861
5126
24162
12529
24686
708
23943
27321
19621
3958
11961
11481
13682
2583
10479
10484
20834
19271
16127
9069
27252
12702
7172
1332
19733
25329
23665
21713
4106
8349
30371
30211
23683
21952
1471
4289
5017
201
10406
32421
22790
19965
21765
28265
32253
6210
16236
7564
29780
32462
25326
18942
24863
30029
26741
2821
20369
4233
13120
21805
18755
27325
31734
24
25850
32069
4880
10561
14472
9832
10560
31733
28432
21184
22551
3168
9151
4440
17746
20385
30459
2898
3642
19984
22472
18133
9427
20915
2705
1978
734
25989
11413
18012
31145
28419
26252
9612
21536
13108
26347
3546
3131
19129
5452
29636
29534
22131
17838
27059
15488
11081
30236
26592
22203
27922
28168
28979
1166
14794
8806
30436
13117
7785
22503
14527
12443
13539
21494
3665
12816
26435
4424
26133
15727
26861
16294
1714
21471
30536
26689
13132
25458
2078
14061
19685
11358
2497
8935
12673
21571
9818
5548
7135
27847
19874
28671
1133
18678
21441
16898
14473
29648
12409
11380
7275
3397
28950
9215
27355
1575
6433
6918
24642
20045
17456
21099
4896
30718
4399
17991
1609
20287
20862
19899
3496
23314
8652
2830
25339
32101
11654
26245
19948
3718
23790
12029
5022
17013
16252
4102
20605
25150
3795
983
15776
9939
6175
29439
2102
14949
32155
8829
2619
32673
23814
59
28332
4195
5854
27276
17108
18381
12442
6654
4241
20321
18100
2357
17000
24369
10486
2288
28259
25839
11943
5711
20397
2057
12652
1467
24517
21540
25108
13525
26178
17755
9807
13466
6078
4730
14206
28042
10154
24278
2525
10366
6174
3776
15476
9779
7817
27863
16090
12566
25268
27799
31149
7394
24266
20418
32595
26723
28523
9753
26051
12001
27859
16480
7660
20249
10856
22531
22296
4516
21485
12014
19112
32382
16872
5277
3825
4962
11532
5544
2320
13231
31277
31810
10683
22479
12294
11356
27906
31116
2910
1576
26486
9251
9429
30283
4449
9228
20153
1590
32752
3973
15074
9983
21234
27367
10663
16361
3458
499
13973
14452
48
8063
9223
28621
11840
14914
32114
3171
29546
30113
17199
26032
18935
10741
15076
8706
27221
12803
8793
21372
6515
28144
20294
21076
20173
12572
487
8622
21091
9064
16885
29012
6568
14542
13678
32266
27298
23417
13417
10781
1637
7192
8104
9609
29421
23110
23843
18303
675
18307
17585
3803
2270
23343
9088
831
15167
17292
24483
6818
9701
9825
699
24555
6177
30990
10466
26372
2730
21246
32089
15093
23734
25151
17474
32523
31396
25692
30388
24363
10809
24329
9601
30118
10281
20564
24785
296
13150
9075
30949
14361
4787
25959
8081
9371
31641
7927
13172
13077
24318
15508
29285
5693
18181
29739
2695
27411
24839
13760
2033
15311
22947
2994
10692
22280
1945
1159
32670
10832
10423
21403
7790
5483
19934
32696
16049
9745
21754
9054
11025
16038
19015
7550
28760
20501
24638
14004
15321
31263
11674
4399
27666
14539
19185
22004
25693
18381
16930
3747
7293
32685
32081
28105
26200
28712
233
6406
4874
18843
8455
6102
6589
26744
16395
25003
17108
12993
25257
30646
29168
5915
7204
21776
18713
23796
13837
22648
30291
6770
145
30977
20362
7019
21208
15792
12871
9078
22005
442
10753
18857
17225
7490
11407
32698
13734
495
17337
19776
27774
7731
32353
12417
9437
19758
15502
18459
3589
9453
25069
14520
26876
19012
1434
32332
32476
24911
23792
21521
76
6849
17495
25320
15571
5103
28665
30347
21443
27645
25349
520
4361
9572
7103
20780
21255
9678
17216
22301
25112
13469
31055
32176
2016
8892
12375
29657
30314
18651
21067
5762
3312
6726
12507
10294
7653
28089
25996
7149
3900
27030
12696
15980
16695
15705
28984
24339
5296
22390
24948
25701
17495
22995
26938
2696
9635
10668
11516
9507
16620
27373
8933
2582
21906
8892
6007
18308
24043
12095
31683
32157
29136
20861
3058
660
3603
23261
8581
23708
18340
10148
13302
10692
17434
21392
28600
26305
22728
2761
24417
2914
28237
19205
23791
3848
6789
13889
3890
21342
3992
4032
19388
29282
7476
5947
23387
28508
20666
1213
14996
1491
4451
19307
5224
1708
16766
22108
27759
7761
9559
19755
6760
23770
2506
23575
17276
16065
4311
28124
14687
21623
31501
16608
27662
25572
21253
13305
20429
24137
14239
142
5815
6820
10027
15145
11617
26116
19789
10321
4747
7319
6839
5192
20361
882
26753
2981
14303
20456
24879
6186
13651
10918
12778
20984
6386
5445
2424
20471
8970
10735
20392
23462
12640
17108
4266
26310
6466
30915
5798
15619
27209
5325
20581
22689
28917
7344
3861
19158
24668
32218
11238
22720
20125
29004
2107
5560
10364
14257
6833
6331
27764
26006
12181
10014
20247
14883
27953
23761
27577
27298
31252
4980
19097
23881
10621
29111
19672
18766
18647
15236
10290
7523
6945
25683
15595
15387
21901
15478
4598
20542
18324
887
20396
32501
12802
24554
15097
23614
18287
3095
30370
24832
3678
3772
7679
30683
4622
12662
5464
25729
10357
26336
15206
28094
30735
32509
20416
29030
15154
32691
31375
2038
24951
29434
23000
8981
28551
14466
13497
10713
6658
19184
4953
27412
11898
28488
13786
20521
31
8651
14407
2258
26971
411
10146
14717
29849
16128
15193
11425
16696
5242
3951
146
11126
1581
9787
12967
14251
4852
28420
13384
16193
28659
6279
292
4001
23289
26442
29104
4536
9143
28391
20456
19235
1379
17808
14542
5999
11426
24343
11591
24906
1117
12878
31892
2459
25685
22779
26897
4334
11988
7171
24439
10179
19965
14891
8364
16214
32441
24092
15327
31850
12441
19377
143
24660
32748
14808
14740
22591
18838
19118
10845
28923
8566
3010
14147
14677
16034
11067
1648
16603
10161
9552
31357
17644
14825
5263
29665
2507
15516
30475
18083
5062
30018
23852
10307
7178
11696
20818
14371
12360
8362
18912
21568
32400
29661
28912
17670
13825
13135
17426
16993
9807
26297
22241
28070
32535
28328
30565
20260
2397
29885
17939
21027
15416
21284
1773
26320
1318
11237
31126
1653
13171
4469
13540
2275
12607
25424
24636
24935
20654
29296
30198
13293
26630
14860
7151
17848
28833
6834
21441
30219
9949
18968
13712
15538
9041
28944
6228
403
12844
14647
26188
17596
20803
23914
11107
5563
1291
27749
10522
9026
4732
19654
2975
19418
31096
30136
24197
19298
26866
16564
16221
6034
6567
20416
5935
13439
21377
31038
12404
26449
6094
2775
30737
26669
7285
6566
6061
2960
29197
26016
7719
22943
12801
12311
3597
20768
16976
27921
8297
30865
15348
28288
28340
10296
7940
24993
25013
20764
15999
15546
31721
11830
761
1529
15312
10452
9341
22368
14140
27598
32047
30178
8693
12395
2008
15089
18053
8190
31382
22462
20558
22736
27054
23825
14259
8652
9833
2303
18383
2974
22091
12588
29555
17086
31193
20194
31488
24808
25847
25990
26371
7474
3921
23558
12607
21298
14430
27096
13380
6618
2858
16543
18293
8310
30941
12444
32437
26447
13882
25493
31366
14956
18427
22931
27891
31178
23065
31690
19635
15331
1379
29945
24009
23467
28950
588
1152
7885
21776
14877
6028
2552
6635
25955
495
10193
15955
23126
2552
7312
1699
26645
4830
32519
24838
9033
13959
12922
13186
19428
8245
16598
17892
18505
26308
7759
30019
15366
31786
23233
21125
22977
19304
26106
18380
24816
1804
28934
27668
27398
32752
14314
2086
10199
13807
334
24897
11083
30504
8071
7995
8022
28495
25193
7502
14633
28611
6498
12154
13625
32135
31243
6574
10901
25471
25454
7484
9505
27633
15885
8950
25824
779
31575
12731
15230
643
12148
15914
29180
3239
28983
30895
18112
16637
22044
3677
16269
7356
12468
16952
13056
6381
9327
16093
28089
15341
2823
7507
27171
31925
5616
29484
263
15645
4008
13674
31846
26646
12526
10154
23531
29736
7800
4606
5383
21109
8437
23122
1962
23941
7928
23306
8071
7931
16118
23720
18512
18675
30334
5211
5275
7409
22193
16013
20276
9511
23731
15249
28884
3677
12230
12215
27560
10457
25614
12078
9335
22707
8504
3944
17856
29551
9635
14056
3184
19400
24054
7318
30881
19176
4925
14948
13473
153
24361
8267
22906
8618
24852
6263
26020
10627
5334
3836
7084
22739
18227
671
21694
8994
14925
13774
9888
1680
3012
11494
26176
15293
5377
12262
21790
23342
22818
1788
19351
23523
23127
10975
27685
13758
3081
31223
4745
1065
30966
9013
8255
9671
28261
31796
3166
19672
20545
1530
3247
31785
1177
4320
4335
24919
24535
20741
27075
10868
1097
12646
29178
5003
24744
25985
16505
4762
26898
22950
27047
11954
20235
13670
2476
15407
23721
9838
9242
17516
13815
18921
123
13923
15437
5161
26819
32027
19487
13559
3042
32339
21186
32224
17967
29991
2068
8429
20177
14325
25172
7600
26431
6934
26465
13263
1507
18202
6710
28713
25603
18717
13279
17673
8421
23715
2940
16655
29402
8446
15241
21664
578
32154
19084
25301
22042
6803
31599
3098
7284
22339
14379
20868
2100
12277
8133
4835
12570
24953
28867
23531
27326
14435
7490
4794
9699
4453
23641
4124
24278
26286
23240
10797
10571
22509
14805
1037
3979
19702
31752
5838
30978
14668
1740
5502
18098
7483
14917
10250
26157
22531
29772
32456
18784
27938
28812
17182
1757
25657
10621
6164
31834
7671
1130
10456
18842
27860
496
3897
15567
2134
7790
3973
3731
32560
31385
11924
14162
9097
5931
25959
3556
5576
18156
29547
6268
21144
19426
7421
961
19100
9083
9381
28434
25462
12255
10824
31458
20482
31054
19440
12085
29119
32031
18120
17566
4763
16568
19633
16813
31395
2850
8231
8004
24202
25000
8361
26093
28508
24071
15212
20628
17803
22494
23276
25258
11107
17368
19407
19799
17302
611
20211
538
18181
30371
30418
4483
31282
3043
4574
9539
2137
17011
17702
28247
28261
28576
3721
31232
14417
752
6248
4478
5700
27796
10623
11727
13059
17668
20812
29721
17327
13789
6846
27379
9288
19223
10656
6149
15366
22623
4158
12378
1615
28877
26964
24604
9134
5016
5741
2692
4193
8835
8010
32321
5988
19535
31765
2799
6513
32506
7564
9388
19979
620
21544
16624
7533
1576
1991
14034
19800
1970
4630
15304
5906
28395
24345
14572
15403
20905
30414
2042
29191
18616
1388
11250
21250
20904
8652
5250
16056
29291
422
4052
19120
7034
6846
30316
21437
25520
25773
14354
32425
14593
15914
22288
4992
24479
5871
31654
6506
12967
9890
2782
9424
4773
23651
1171
3402
18241
10752
12735
19239
5700
29845
10195
21116
429
11450
3900
26001
21556
32739
13276
561
13771
32760
18231
11342
25345
5701
20821
28468
3892
19471
4485
22094
15281
869
11014
28889
30818
3424
24815
14739
4753
19516
6909
12441
25894
25368
31150
22125
21814
28168
7676
18479
17793
22332
26901
6215
13573
418
2243
24914
8423
22423
8147
31847
28265
29880
6616
20809
26208
24456
5908
16912
23648
29767
4514
21458
14609
17375
8782
25341
28811
3219
19998
19885
18886
6836
31377
30704
30273
23120
5079
15175
29825
1364
7572
13103
7878
2103
32565
10223
26183
24822
25514
1090
16269
2688
32707
7657
19336
7625
18697
4521
15819
7723
28553
11167
29261
29887
28025
24171
28686
17866
32514
3349
7950
10354
1920
5507
32198
4311
18137
3397
28751
6812
15895
4442
25197
9791
8041
26630
13064
10558
18082
28519
9998
23628
18444
18735
27025
20758
18879
27587
9664
4939
23836
31488
23925
29629
7996
22032
29835
7969
24389
1753
27277
9592
14066
1893
6170
1817
14301
26231
15935
14398
9164
27921
13202
28351
30520
15216
3402
11356
2119
13375
21813
16538
24002
11513
27598
20374
19134
20390
17746
18421
28712
5705
22470
24376
10953
12446
29472
30966
2417
31734
12145
30226
21766
8107
18539
17944
28306
28283
29919
4175
28579
29590
22078
10816
32757
26909
16310
25700
7510
13419
2768
32704
17512
12079
23474
12165
25589
16454
89
3990
28303
7891
23200
6927
6672
21231
2030
17880
16064
27126
28728
13293
14688
8678
22964
1397
1335
5082
31940
29747
6134
21937
8543
10860
17813
32716
22793
32542
21291
31891
21824
31502
32210
15456
1723
15203
14155
28881
28967
29002
23539
31410
2982
2578
18444
22516
11450
1113
12201
16214
27791
26987
19256
6109
25457
21048
1259
8401
22160
17531
5690
4954
11213
24789
592
29113
21363
16910
23677
17410
1675
15129
10314
24989
15014
17886
17744
10937
31722
28637
28781
21753
30746
11499
21338
30793
17897
8172
26729
8639
9664
527
28929
9259
18741
23246
16028
11922
13133
10064
7288
21865
10243
6419
22454
11706
24768
8932
149
29526
19637
14030
23878
22508
3404
8395
5755
12857
24114
29806
15823
5208
18769
17231
6569
17521
7498
11157
1781
26414
20330
24649
2086
8101
23112
21950
30114
12050
9263
16890
16002
31418
31165
16018
14479
26606
4667
32409
15818
24777
817
12460
18507
4338
11471
4123
3891
11051
20308
12973
17165
24424
22514
11791
4357
4070
28011
22711
6100
5646
5698
5923
6658
8806
6930
24772
5511
12373
26193
28566
12532
5778
7283
29175
19685
11072
9176
562
17472
2951
30840
21874
19815
24741
16031
29054
11990
6969
2354
27934
9708
29559
25806
14923
20516
6204
14586
32220
15325
23783
4713
18950
32062
11680
131
23784
17577
1308
5369
2675
24238
19479
15812
19974
12738
527
24180
19574
923
28997
7805
29379
9031
25204
22638
31422
151
5339
22935
6078
26436
26677
10859
11592
29218
23280
4617
23481
766
11915
23047
8263
26936
9575
13854
6969
5308
29646
11743
20785
6572
14002
15925
11571
19043
25430
21122
11914
6641
25555
24562
14525
9916
12896
23524
30435
25143
10805
18765
11862
20735
25402
20983
28006
7160
29839
3391
28899
5629
19426
15295
12156
13825
9663
25337
4382
3074
6543
13411
31674
17116
18014
1978
25138
7022
9934
16719
28773
12755
20616
27396
4002
4260
13690
13792
15881
5003
23888
27899
1597
20638
32001
1100
27444
32546
26392
11370
10785
5824
25970
30575
28854
30310
26087
29116
17882
12201
10499
13008
13218
3631
30663
1719
6750
28159
14965
3617
26467
15086
8437
28447
10175
3917
21407
2954
23424
2505
14381
20789
17309
19892
2860
10599
534
9945
12193
7684
15202
17460
20855
4723
985
20422
31346
5967
32447
28774
24741
5873
26424
19487
17682
22752
3214
29690
24560
17570
6701
16132
20521
24207
20203
29680
27225
19263
21654
8780
26288
26281
11320
24922
12478
11124
31447
3354
16983
5375
4958
16088
3733
7775
18855
18376
28031
1873
7656
9038
2285
23844
4084
4876
16111
22961
5582
12688
14728
18426
17511
26215
7634
4370
30525
29387
5895
7743
32254
32713
13099
605
18525
11587
10780
14777
23324
15820
19270
16115
7406
2419
9493
23317
31737
14357
17865
15551
21848
15866
11850
23017
10867
8635
9952
5637
25453
16908
30519
3710
13038
19745
26516
24266
20443
24703
3579
11781
31983
1116
30460
22940
12933
29458
26793
23419
9543
1111
10603
1199
15340
10812
5883
32722
21535
24041
9246
19800
8106
5993
10629
12604
10575
11190
32347
10106
26361
14932
11453
30393
13567
5902
13531
23777
29064
14521
12441
22627
8055
1639
12774
9065
24822
32110
6068
21803
18462
25280
28309
18928
20749
2429
14394
5118
20473
9832
17546
30351
26249
26785
24084
10681
23841
23970
29372
23655
4673
15434
25435
10473
30385
1866
23782
10786
30850
25430
30240
26051
15830
23244
22623
28844
27289
12844
2087
4281
1086
20336
1725
15390
9858
22167
11248
17715
13491
9366
18509
832
15381
15437
12847
24342
31382
13823
12529
28238
26869
28324
4525
13927
23118
30571
20536
22045
18856
26987
7756
16576
13495
30665
20461
8213
246
17224
26399
25656
18843
1596
6818
17587
7156
20990
22924
10284
5232
32388
18800
4164
12768
1693
1096
24237
29311
17433
26318
15494
16743
11208
6853
14453
22615
29942
25290
25946
7025
25190
21989
26134
19297
7220
25892
27463
12238
16405
26761
7674
20341
25972
30426
14251
28742
13884
20284
13191
2332
15777
15251
28253
16615
17792
6448
16446
24629
2742
30895
31307
28306
1814
24386
10005
7756
23983
24553
27523
9006
22922
13915
11873
4395
19017
8016
4021
1001
4580
26189
27081
18349
25973
16845
18549
8025
25951
4347
1738
24942
13898
23112
27719
19611
6497
22941
1603
17607
4370
21469
29586
16029
30284
12284
29248
3710
8805
18723
17805
23596
9850
27280
20901
22851
6189
30403
7464
24014
10212
9382
14200
426
31806
31960
1582
26393
28250
4795
3934
4726
22042
25369
13161
22013
5833
1053
15698
10027
17565
30792
31314
26296
3438
29512
9092
418
1220
6148
29590
19253
18772
24990
8148
19640
5499
2614
12895
10284
9519
21054
16931
15206
19464
31276
12590
31569
10942
30270
1324
16957
3170
7041
26882
12446
31199
19298
18494
1959
16137
5722
13620
1427
8798
27357
32221
3066
26304
29538
27176
12269
17123
5307
17604
28508
14116
27033
26507
1259
10687
26526
24052
6717
20973
15975
31820
12502
3235
22948
29592
7925
8634
4037
28126
15505
12280
1859
5332
5658
18064
26205
8022
32700
28083
13128
27855
23693
29819
28035
3876
24984
32187
8231
7922
25494
23752
30991
27641
722
23834
29700
30604
12329
11446
540
22704
10173
15590
20247
16632
2369
23234
9638
27473
15544
1419
3901
6867
28323
24774
17676
19245
12629
4155
13076
4572
23635
2029
13331
4634
4752
28902
21222
10854
24261
10473
121
17153
6938
1563
13551
29902
10274
29786
26624
32292
19273
32149
6862
32395
3820
21398
26440
25998
3489
6033
1684
394
22943
8289
7583
24424
19727
17828
23039
19571
22117
19881
26581
29911
7273
2260
17550
6972
20256
31363
1318
17580
13288
6308
21441
19701
4906
21986
13915
16161
14612
9874
28667
32471
923
23782
13673
21704
20486
31044
5106
10048
9523
21971
23589
21979
15560
4384
10077
6927
14360
29089
19605
31435
25771
25766
5905
13505
12973
16006
10685
3494
23589
18278
21222
8527
29604
14605
9670
4195
30741
2319
1225
20262
1337
8000
19317
4719
26598
25013
21314
20867
8121
25316
4808
22633
31370
20713
13427
6597
9653
18993
8615
4430
19536
15474
32562
18805
29066
30394
24816
2791
1324
13555
23653
2879
32498
2993
19093
11597
23215
15591
1718
15911
9168
31600
17405
14825
12827
20066
21479
11769
29481
24675
24099
1012
18854
2671
20082
17788
31399
4685
7476
24982
4202
23469
27309
13664
20681
29504
9437
20489
7348
9269
26337
4664
18998
15506
29681
29349
32238
19140
26488
5915
7275
31752
3872
10277
15271
4060
29777
18785
16064
30165
15334
18780
32560
781
4857
15542
29778
4528
4943
784
24635
25489
29676
26160
31497
14662
29864
2790
21739
25053
7729
24432
23757
23041
20699
5111
23520
1893
9547
9063
96
25038
16320
29914
26549
26920
1876
27392
8856
21580
2833
20535
3308
984
1046
28905
30579
19556
23430
23974
26783
17709
23375
22520
31519
20740
32154
23686
11445
25093
4682
170
17566
15892
19266
3018
20826
12857
26898
24652
18961
26415
24942
10741
28500
20028
32483
14152
31765
2321
24551
1064
12770
4680
1045
7657
29357
30810
3045
14196
27191
27753
3037
9854
23617
3352
26720
13532
503
13627
31201
19909
24041
3765
21028
